Danmini_Doorbell
             precision    recall  f1-score   support

          0       1.00      1.00      1.00      4870
          1       1.00      1.00      1.00      5959
          2       1.00      1.00      1.00      2957
          3       1.00      1.00      1.00      3020
          4       0.99      1.00      0.99      9208
          5       1.00      0.99      1.00     10616
          6       1.00      1.00      1.00     10147
          7       1.00      1.00      1.00     10595
          8       1.00      1.00      1.00     12237
          9       1.00      1.00      1.00     23969
         10       1.00      1.00      1.00      8252

avg / total       1.00      1.00      1.00    101830

Ecobee_Thermostat
             precision    recall  f1-score   support

          0       1.00      1.00      1.00      1315
          1       1.00      1.00      1.00      5319
          2       1.00      1.00      1.00      3028
          3       1.00      1.00      1.00      2754
          4       0.99      1.00      1.00      9480
          5       1.00      0.99      1.00     10463
          6       1.00      1.00      1.00     11419
          7       1.00      1.00      1.00      4233
          8       1.00      1.00      1.00     11657
          9       1.00      1.00      1.00     15217
         10       1.00      1.00      1.00      8703

avg / total       1.00      1.00      1.00     83588

Ennio_Doorbell
             precision    recall  f1-score   support

          0       1.00      1.00      1.00      3867
          1       1.00      1.00      1.00      5343
          2       1.00      1.00      1.00      2992
          3       1.00      1.00      1.00      2822
          4       1.00      1.00      1.00     10252
          5       1.00      1.00      1.00     10274

avg / total       1.00      1.00      1.00     35550

Philips_B120N10_Baby_Monitor
             precision    recall  f1-score   support

          0       1.00      1.00      1.00     17250
          1       1.00      1.00      1.00      5895
          2       1.00      1.00      1.00      2865
          3       1.00      1.00      1.00      2808
          4       0.99      1.00      1.00      9266
          5       1.00      0.99      1.00     10529
          6       1.00      1.00      1.00      9194
          7       1.00      1.00      1.00     10370
          8       1.00      1.00      1.00     11837
          9       1.00      1.00      1.00     21740
         10       1.00      1.00      1.00      8114

avg / total       1.00      1.00      1.00    109868

Provision_PT_737E_Security_Camera
             precision    recall  f1-score   support

          0       1.00      1.00      1.00      6153
          1       1.00      1.00      1.00      6127
          2       1.00      1.00      1.00      3042
          3       1.00      1.00      1.00      2934
          4       1.00      1.00      1.00     10413
          5       1.00      1.00      1.00     10467
          6       1.00      1.00      1.00      5995
          7       1.00      1.00      1.00      9758
          8       1.00      1.00      1.00      6665
          9       1.00      1.00      1.00     15606
         10       1.00      1.00      1.00      5666

avg / total       1.00      1.00      1.00     82826

Provision_PT_838_Security_Camera
             precision    recall  f1-score   support

          0       1.00      1.00      1.00      9807
          1       1.00      1.00      1.00      5716
          2       1.00      1.00      1.00      2903
          3       1.00      1.00      1.00      2898
          4       0.99      1.00      0.99      8865
          5       1.00      0.99      0.99     10544
          6       1.00      1.00      1.00      5814
          7       1.00      1.00      1.00      9629
          8       1.00      1.00      1.00      6166
          9       1.00      1.00      1.00     15850
         10       1.00      1.00      1.00      5498

avg / total       1.00      1.00      1.00     83690

Samsung_SNH_1011_N_Webcam
             precision    recall  f1-score   support

          0       1.00      1.00      1.00      5145
          1       1.00      1.00      1.00      5809
          2       1.00      1.00      1.00      2842
          3       1.00      1.00      1.00      2717
          4       1.00      1.00      1.00      9904
          5       1.00      1.00      1.00     11106

avg / total       1.00      1.00      1.00     37523

SimpleHome_XCS7_1002_WHT_Security_Camera
             precision    recall  f1-score   support

          0       1.00      1.00      1.00      4573
          1       1.00      1.00      1.00      5419
          2       1.00      1.00      1.00      2833
          3       1.00      1.00      1.00      2767
          4       1.00      1.00      1.00      8735
          5       1.00      1.00      1.00     10324
          6       1.00      1.00      1.00     11151
          7       1.00      1.00      1.00      4563
          8       1.00      1.00      1.00     12828
          9       1.00      1.00      1.00     15209
         10       1.00      1.00      1.00      7904

avg / total       1.00      1.00      1.00     86306

SimpleHome_XCS7_1003_WHT_Security_Camera
             precision    recall  f1-score   support

          0       1.00      1.00      1.00      1962
          1       1.00      1.00      1.00      5898
          2       1.00      1.00      1.00      2812
          3       1.00      1.00      1.00      2854
          4       1.00      0.98      0.99      9899
          5       0.98      1.00      0.99     10169
          6       1.00      1.00      1.00     10589
          7       1.00      1.00      1.00      4425
          8       1.00      1.00      1.00     12424
          9       1.00      1.00      1.00     15602
         10       1.00      1.00      1.00      8449

avg / total       1.00      1.00      1.00     85083

Danmini_Doorbell
             precision    recall  f1-score   support

          0       1.00      1.00      1.00      4870
          1       1.00      1.00      1.00      5959
          2       1.00      1.00      1.00      2957
          3       1.00      1.00      1.00      3020
          4       0.99      1.00      0.99      9208
          5       1.00      0.99      1.00     10616
          6       1.00      1.00      1.00     10147
          7       1.00      1.00      1.00     10595
          8       1.00      1.00      1.00     12237
          9       1.00      1.00      1.00     23969
         10       1.00      1.00      1.00      8252

avg / total       1.00      1.00      1.00    101830

Danmini_Doorbell
             precision    recall  f1-score   support

          0       1.00      1.00      1.00      4870
          1       1.00      1.00      1.00      5959
          2       1.00      1.00      1.00      2957
          3       1.00      1.00      1.00      3020
          4       0.99      1.00      0.99      9208
          5       1.00      0.99      1.00     10616
          6       1.00      1.00      1.00     10147
          7       1.00      1.00      1.00     10595
          8       1.00      1.00      1.00     12237
          9       1.00      1.00      1.00     23969
         10       1.00      1.00      1.00      8252

avg / total       1.00      1.00      1.00    101830

Danmini_Doorbell
             precision    recall  f1-score   support

          0       1.00      1.00      1.00      4870
          1       1.00      1.00      1.00      5959
          2       1.00      1.00      1.00      2957
          3       1.00      1.00      1.00      3020
          4       0.99      1.00      0.99      9208
          5       1.00      0.99      1.00     10616
          6       1.00      1.00      1.00     10147
          7       1.00      1.00      1.00     10595
          8       1.00      1.00      1.00     12237
          9       1.00      1.00      1.00     23969
         10       1.00      1.00      1.00      8252

avg / total       1.00      1.00      1.00    101830

Danmini_Doorbell
             precision    recall  f1-score   support

          0       1.00      1.00      1.00      4870
          1       1.00      1.00      1.00      5959
          2       1.00      1.00      1.00      2957
          3       1.00      1.00      1.00      3020
          4       0.99      1.00      0.99      9208
          5       1.00      0.99      1.00     10616
          6       1.00      1.00      1.00     10147
          7       1.00      1.00      1.00     10595
          8       1.00      1.00      1.00     12237
          9       1.00      1.00      1.00     23969
         10       1.00      1.00      1.00      8252

avg / total       1.00      1.00      1.00    101830

Danmini_Doorbell
             precision    recall  f1-score   support

          0       1.00      1.00      1.00      4870
          1       1.00      1.00      1.00      5959
          2       1.00      1.00      1.00      2957
          3       1.00      1.00      1.00      3020
          4       0.99      1.00      0.99      9208
          5       1.00      0.99      1.00     10616
          6       1.00      1.00      1.00     10147
          7       1.00      1.00      1.00     10595
          8       1.00      1.00      1.00     12237
          9       1.00      1.00      1.00     23969
         10       1.00      1.00      1.00      8252

avg / total       1.00      1.00      1.00    101830

Danmini_Doorbell
             precision    recall  f1-score   support

          0       1.00      1.00      1.00      4870
          1       1.00      1.00      1.00      5959
          2       1.00      1.00      1.00      2957
          3       1.00      1.00      1.00      3020
          4       0.99      1.00      0.99      9208
          5       1.00      0.99      1.00     10616
          6       1.00      1.00      1.00     10147
          7       1.00      1.00      1.00     10595
          8       1.00      1.00      1.00     12237
          9       1.00      1.00      1.00     23969
         10       1.00      1.00      1.00      8252

avg / total       1.00      1.00      1.00    101830

Danmini_Doorbell
             precision    recall  f1-score   support

          0       1.00      1.00      1.00      4870
          1       1.00      1.00      1.00      5959
          2       1.00      1.00      1.00      2957
          3       1.00      1.00      1.00      3020
          4       0.99      1.00      0.99      9208
          5       1.00      0.99      1.00     10616
          6       1.00      1.00      1.00     10147
          7       1.00      1.00      1.00     10595
          8       1.00      1.00      1.00     12237
          9       1.00      1.00      1.00     23969
         10       1.00      1.00      1.00      8252

avg / total       1.00      1.00      1.00    101830

Ecobee_Thermostat
             precision    recall  f1-score   support

          0       1.00      1.00      1.00      1315
          1       1.00      1.00      1.00      5319
          2       1.00      1.00      1.00      3028
          3       1.00      1.00      1.00      2754
          4       0.99      1.00      1.00      9480
          5       1.00      0.99      1.00     10463
          6       1.00      1.00      1.00     11419
          7       1.00      1.00      1.00      4233
          8       1.00      1.00      1.00     11657
          9       1.00      1.00      1.00     15217
         10       1.00      1.00      1.00      8703

avg / total       1.00      1.00      1.00     83588

Ennio_Doorbell
             precision    recall  f1-score   support

          0       1.00      1.00      1.00      3867
          1       1.00      1.00      1.00      5343
          2       1.00      1.00      1.00      2992
          3       1.00      1.00      1.00      2822
          4       1.00      1.00      1.00     10252
          5       1.00      1.00      1.00     10274

avg / total       1.00      1.00      1.00     35550

Philips_B120N10_Baby_Monitor
             precision    recall  f1-score   support

          0       1.00      1.00      1.00     17250
          1       1.00      1.00      1.00      5895
          2       1.00      1.00      1.00      2865
          3       1.00      1.00      1.00      2808
          4       0.99      1.00      1.00      9266
          5       1.00      0.99      1.00     10529
          6       1.00      1.00      1.00      9194
          7       1.00      1.00      1.00     10370
          8       1.00      1.00      1.00     11837
          9       1.00      1.00      1.00     21740
         10       1.00      1.00      1.00      8114

avg / total       1.00      1.00      1.00    109868

Provision_PT_737E_Security_Camera
             precision    recall  f1-score   support

          0       1.00      1.00      1.00      6153
          1       1.00      1.00      1.00      6127
          2       1.00      1.00      1.00      3042
          3       1.00      1.00      1.00      2934
          4       1.00      1.00      1.00     10413
          5       1.00      1.00      1.00     10467
          6       1.00      1.00      1.00      5995
          7       1.00      1.00      1.00      9758
          8       1.00      1.00      1.00      6665
          9       1.00      1.00      1.00     15606
         10       1.00      1.00      1.00      5666

avg / total       1.00      1.00      1.00     82826

Provision_PT_838_Security_Camera
             precision    recall  f1-score   support

          0       1.00      1.00      1.00      9807
          1       1.00      1.00      1.00      5716
          2       1.00      1.00      1.00      2903
          3       1.00      1.00      1.00      2898
          4       0.99      1.00      0.99      8865
          5       1.00      0.99      0.99     10544
          6       1.00      1.00      1.00      5814
          7       1.00      1.00      1.00      9629
          8       1.00      1.00      1.00      6166
          9       1.00      1.00      1.00     15850
         10       1.00      1.00      1.00      5498

avg / total       1.00      1.00      1.00     83690

Samsung_SNH_1011_N_Webcam
             precision    recall  f1-score   support

          0       1.00      1.00      1.00      5145
          1       1.00      1.00      1.00      5809
          2       1.00      1.00      1.00      2842
          3       1.00      1.00      1.00      2717
          4       1.00      1.00      1.00      9904
          5       1.00      1.00      1.00     11106

avg / total       1.00      1.00      1.00     37523

SimpleHome_XCS7_1002_WHT_Security_Camera
             precision    recall  f1-score   support

          0       1.00      1.00      1.00      4573
          1       1.00      1.00      1.00      5419
          2       1.00      1.00      1.00      2833
          3       1.00      1.00      1.00      2767
          4       1.00      1.00      1.00      8735
          5       1.00      1.00      1.00     10324
          6       1.00      1.00      1.00     11151
          7       1.00      1.00      1.00      4563
          8       1.00      1.00      1.00     12828
          9       1.00      1.00      1.00     15209
         10       1.00      1.00      1.00      7904

avg / total       1.00      1.00      1.00     86306

SimpleHome_XCS7_1003_WHT_Security_Camera
             precision    recall  f1-score   support

          0       1.00      1.00      1.00      1962
          1       1.00      1.00      1.00      5898
          2       1.00      1.00      1.00      2812
          3       1.00      1.00      1.00      2854
          4       1.00      0.98      0.99      9899
          5       0.98      1.00      0.99     10169
          6       1.00      1.00      1.00     10589
          7       1.00      1.00      1.00      4425
          8       1.00      1.00      1.00     12424
          9       1.00      1.00      1.00     15602
         10       1.00      1.00      1.00      8449

avg / total       1.00      1.00      1.00     85083

